Time,Position_y,Velocity_v,Input_u,Output_z
0,0.0000,0.0000,0.0000,0.0000
1,1.0000,1.0000,1.0000,0.8326
2,2.9937,1.9937,1.0000,3.3320
3,6.0441,3.0503,1.0000,7.7307
4,10.2237,4.1797,1.0000,2.2683
5,14.4655,4.2418,0.0000,10.4113
6,18.4985,4.0330,0.0000,16.7876
7,22.6134,4.1148,0.0000,28.9343
8,26.5372,3.9238,0.0000,29.0285
9,26.5372,0.0000,-1.0000,26.5372
10,25.5372,-1.0000,-1.0000,25.5145
11,23.5345,-2.0028,-1.0000,24.3524
12,20.5448,-2.9896,-1.0000,18.5686
